0 1 1 64 40 0
0 0 1 63 40 0
1 0 0 65 46 0 
0 1 0 67 47 0
0 0 0 66 48 0
0 1 1 65 48 0
0 0 0 60 49 0
0 0 0 51 49 0
0 0 0 66 50 0
0 0 0 58 50 0
0 1 0 56 50 0
0 0 1 61 50 0
0 1 1 64 50 0
0 0 0 56 52 0
0 0 0 67 52 0
1 0 0 49 55 0
0 1 1 52 55 0
0 0 0 68 56 0
0 1 1 66 59 0
1 0 0 60 62 0
0 0 0 61 62 0
1 1 1 59 63 0
0 0 0 51 65 0
0 1 1 53 66 0
0 0 0 58 71 0
0 0 0 63 75 0
0 0 1 53 76 0
0 0 0 60 78 0
0 0 0 52 83 0
0 0 1 67 95 0
0 0 0 56 98 0
0 0 1 61 102 0
0 0 0 64 187 0
1 0 1 58 48 1
0 0 2 65 49 1
1 1 1 57 51 1
0 1 0 50 56 1
1 1 0 67 67 1
0 0 1 67 67 1
0 1 1 57 67 1
0 1 1 45 70 1
0 0 1 46 70 1
1 0 1 51 72 1
1 1 1 60 76 1
1 1 1 50 81 1
1 1 1 56 78 1
0 0 0 56 82 1
0 0 1 63 82 1
1 1 1 65 84 1
1 0 1 64 89 1
0 1 0 59 99 1
1 1 1 68 126 1
1 0 0 61 136 1
