0.8509619
0.7725458
0.5683988
0.8151301
0.6790055
0.5659343
0.6774541
0.5240152
0.07321269
0.6952159
0.5552151
0.2029029
0.5843348
0.898857
0.921786
0.3711319
0.803739
0.4363023
0.6252517
0.3431506
0.95125
0.5915515
0.9302942
0.4726182
0.8068622
0.9194148
0.4179002
0.9240098
0.6350026
0.6818125
0.8271529
0.312386
0.5950396
0.3915856
0.9362888
0.5843231
0.9440364
0.7491463
0.9154575
0.8202337
0.8026214
0.5692259
0.5596482
0.8912599
0.7362242
0.5162108
0.859716
0.7704561
0.6545495
0.833199
0.5981208
0.5798379
