154    165    149    144    139    160    154    150    146    146
154    155    143    150    166    157    165    136    149    139
152    158    151    157    146    143    143    149    162    152
136    154    149    150    136    159    155    137    159    157
145    135    163    148    152    158    141    159    138    144
145    158    133    150    147    157    152    152    137    152
150    141    160    147    125    144    158    142    135    152
155    143    165    149    156    153    127    153    146    168
128    146    133    135    132    146    128    142    139    156
132    124    127    128    140    149    133    133    134    129
149    152    158    152    167    162    156    159    156    141
139    165    150    146    155    159    149    157    142    138
