001 3.32 10 10 10 670 600 m 
002 2.26 6 8 5 700 640 m 
003 2.35 8 6 8 640 530 m 
004 2.08 9 10 7 670 600 m 
005 3.38 8 9 8 540 580 m 
006 3.29 10 8 8 760 630 m 
007 3.21 8 8 7 600 400 m 
008 2.00 3 7 6 460 530 m 
009 3.18 9 10 8 670 450 m 
010 2.34 7 7 6 570 480 m 
011 3.08 9 10 6 491 488 m 
012 3.34 5 9 7 600 600 m 
013 1.40 6 8 8 510 530 m 
014 1.43 10 9 9 750 610 m 
015 2.48 8 9 6 650 460 m 
016 3.73 10 10 9 720 630 m 
017 3.80 10 10 9 760 500 m 
018 4.00 9 9 8 800 610 m 
019 2.00 9 6 5 640 670 m 
020 3.74 9 10 9 750 700 m 
021 2.32 9 7 8 520 440 m 
022 2.79 8 8 7 610 530 m 
023 3.21 7 9 8 505 435 m 
024 3.08 9 10 8 559 607 m 
025 3.75 10 9 9 760 620 m 
026 3.16 10 9 8 640 490 m 
027 2.73 9 8 7 520 360 m 
028 3.06 8 10 10 580 460 m 
029 1.07 7 8 6 700 520 m 
030 3.35 10 10 10 620 570 m 
031 1.82 6 8 6 490 550 m 
032 3.12 10 10 7 640 520 m 
033 2.25 9 7 4 550 290 m 
034 2.93 10 10 10 600 520 m 
035 3.16 9 7 7 400 390 m 
036 2.83 10 9 9 710 530 m 
037 3.10 9 10 9 750 670 m 
038 3.07 7 4 7 660 480 m 
039 2.87 9 9 9 620 480 m 
040 3.61 10 10 9 630 440 m 
041 2.17 10 7 7 650 450 m 
042 1.95 7 8 9 550 570 m 
043 3.35 10 10 10 730 650 m 
044 3.58 10 7 8 710 400 m 
045 2.75 10 7 5 770 720 m 
046 3.26 10 10 9 610 560 m 
047 3.41 9 4 7 600 360 m 
048 3.67 10 10 10 640 570 m 
049 3.81 10 10 7 750 540 m 
050 3.30 10 10 9 650 480 m 
051 2.30 9 10 10 590 420 m 
052 3.62 10 10 8 660 630 m 
053 3.20 9 5 7 570 570 m 
054 2.55 7 8 8 570 480 m 
055 2.82 10 9 9 660 550 m 
056 3.25 9 7 8 690 550 m 
057 2.21 7 7 8 670 500 m 
058 2.50 10 9 9 660 460 m 
059 3.03 8 8 7 600 630 m 
060 1.92 9 10 8 447 320 m 
061 4.00 7 6 6 600 410 m 
062 1.81 9 9 9 620 580 m 
063 2.70 6 8 6 580 470 m 
064 2.96 9 7 8 630 630 m 
065 2.76 10 10 10 600 560 m 
066 2.71 8 7 9 700 440 m 
067 3.40 9 10 9 550 560 m 
068 2.65 8 10 8 680 450 m 
069 2.48 8 8 7 630 500 m 
070 3.86 10 10 10 750 760 m 
071 2.62 9 8 7 491 391 m 
072 3.72 7 8 7 550 500 m 
073 3.50 8 7 8 630 500 m 
074 2.83 6 7 7 690 440 m 
075 3.06 8 6 5 540 400 m 
076 4.00 9 10 10 640 480 m 
077 3.70 8 10 8 520 410 m 
078 2.81 9 7 4 559 488 m 
079 1.93 8 6 8 590 510 m 
080 3.70 10 10 10 580 580 m 
081 2.96 9 7 6 670 440 m 
082 2.64 9 9 8 620 590 m 
083 3.09 10 10 8 540 470 m 
084 3.00 4 3 4 620 560 m 
085 2.97 10 10 10 770 540 m 
086 2.81 10 10 10 620 570 m 
087 3.32 10 9 10 660 560 m 
088 3.40 7 8 4 710 500 m 
089 1.84 9 6 6 610 390 m 
090 0.40 6 6 7 560 690 m 
091 2.88 9 7 6 690 460 m 
092 2.77 6 5 9 590 440 m 
093 2.26 5 7 7 530 440 m 
094 2.03 6 7 9 540 610 m 
095 2.43 7 10 10 530 560 m 
096 2.63 10 10 6 640 500 m 
097 1.66 8 4 3 590 470 m 
098 3.41 9 9 9 520 490 m 
099 2.12 7 7 8 559 545 m 
100 3.33 7 6 7 500 460 m 
101 1.69 8 7 7 490 390 m 
102 2.46 6 7 7 490 370 m 
103 1.59 8 9 7 670 480 m 
104 1.14 10 10 7 720 610 m 
105 0.65 9 7 7 640 520 m 
106 2.12 7 6 7 520 380 m 
107 2.82 4 5 7 400 470 m 
108 2.34 8 9 7 480 410 m 
109 2.11 6 9 9 480 390 m 
110 1.34 6 7 8 530 470 m 
111 2.53 8 9 8 550 500 m 
112 2.75 10 10 10 720 500 m 
113 3.14 9 8 9 640 630 m 
114 2.25 10 10 10 690 580 m 
115 1.00 8 9 10 640 600 m 
116 2.79 9 6 7 690 400 m 
117 2.39 6 5 6 470 330 m 
118 2.15 6 6 6 480 460 m 
119 0.75 7 6 6 540 590 m 
120 3.06 5 9 9 510 380 m 
121 2.50 9 9 9 560 500 m 
122 2.78 9 9 10 600 510 m 
123 2.44 8 8 8 690 490 m 
124 1.11 7 7 7 590 480 m 
125 3.12 10 10 10 580 340 m 
126 2.17 8 7 8 650 500 m 
127 0.12 4 6 6 630 490 m 
128 2.00 6 5 6 530 320 m 
129 3.22 9 7 9 650 490 m 
130 1.88 10 6 6 620 430 f 
131 2.04 8 7 7 690 440 f 
132 2.58 10 9 9 720 740 f 
133 2.16 6 6 6 590 440 f 
134 2.50 7 10 10 630 500 f 
135 1.85 10 8 7 700 480 f 
136 1.46 7 7 8 630 540 f 
137 2.95 9 9 8 620 400 f 
138 0.80 8 10 9 470 410 f 
139 0.91 6 5 7 586 697 f 
140 2.67 9 9 10 586 670 f 
141 2.51 9 8 7 700 500 f 
142 1.79 7 7 5 550 570 f 
143 2.42 6 6 8 505 518 f 
144 0.58 5 7 7 515 285 f 
145 3.00 10 10 9 774 688 f 
146 2.76 10 10 10 570 570 f 
147 3.35 9 9 9 580 540 f 
148 3.80 10 9 8 560 530 f 
149 2.38 9 9 10 650 570 f 
150 2.58 10 10 9 440 430 f 
151 3.18 10 10 10 570 750 f 
152 2.87 8 8 7 476 576 f 
153 3.16 8 9 8 680 700 f 
154 3.07 9 8 9 490 480 f 
155 3.68 10 8 9 590 490 f 
156 3.34 10 9 10 590 580 f 
157 1.93 10 8 8 650 490 f 
158 2.43 9 5 9 480 520 f 
159 3.28 10 10 10 670 490 f 
160 3.66 10 10 10 710 600 f 
161 2.29 7 6 8 570 570 f 
162 2.19 6 5 6 540 460 f 
163 3.06 10 10 10 620 510 f 
164 3.41 8 6 8 630 470 f 
165 3.14 9 9 10 630 700 f 
166 2.85 10 8 8 610 460 f 
167 3.47 10 10 9 720 680 f 
168 3.44 10 10 9 640 590 f 
169 3.90 10 10 10 650 500 f 
170 3.65 9 9 9 640 430 f 
171 1.32 9 8 9 740 460 f 
172 3.23 10 10 10 600 660 f 
173 2.86 10 9 10 650 430 f 
174 2.51 8 9 10 510 440 f 
175 2.86 8 9 8 550 510 f 
176 3.34 10 9 9 570 530 f 
177 3.33 9 7 9 630 560 f 
178 3.69 10 10 8 710 470 f 
179 1.80 7 7 7 620 470 f 
180 2.57 9 10 10 417 518 f 
181 2.28 8 10 10 600 600 f 
182 1.60 4 7 7 460 460 f 
183 2.00 2 4 6 300 290 f 
184 1.69 7 6 7 560 480 f 
185 3.06 9 10 9 590 420 f 
186 2.75 8 9 8 559 435 f 
187 2.62 9 10 8 550 440 f 
188 0.39 7 10 9 550 660 f 
189 2.44 10 9 9 650 350 f 
190 3.46 9 9 8 610 520 f 
191 2.37 8 7 9 530 480 f 
192 1.25 7 8 6 480 360 f 
193 2.80 10 9 9 550 450 f 
194 2.14 5 4 8 560 420 f 
195 2.45 7 7 8 430 330 f 
196 2.71 9 7 10 490 400 f 
197 2.59 10 10 10 590 470 f 
198 2.93 9 9 10 690 510 f 
199 2.53 7 6 9 570 480 f 
200 1.95 6 6 9 550 600 f 
201 3.39 9 9 10 510 570 f 
202 2.69 8 6 9 470 420 f 
203 1.94 8 8 8 470 330 f 
204 3.00 10 8 9 510 360 f 
205 2.09 9 7 8 450 460 f 
206 1.85 10 8 10 530 550 f 
207 3.34 10 9 10 490 410 f 
208 2.25 6 9 10 530 510 f 
209 4.00 10 10 10 580 490 f 
210 2.72 6 5 7 580 490 f 
211 2.61 9 7 8 620 420 f 
212 2.32 6 6 7 430 460 f 
213 3.39 10 10 10 500 390 f 
214 3.64 8 6 8 590 580 f 
215 1.80 8 7 9 620 600 f 
216 1.52 9 9 10 520 570 f 
217 3.40 6 9 9 480 480 f 
218 2.86 9 4 8 640 470 f 
219 3.32 10 9 10 640 560 f 
220 2.07 9 7 6 600 440 f 
221 0.85 7 7 9 510 480 f 
222 1.86 7 9 7 356 350 f 
223 2.59 5 4 7 630 470 f 
224 2.28 9 8 9 559 488 f 


