patient treatment time status age shb size index

 1   1       65       0      67     13.4     34    8
 2   2       61       0      60     14.6      4   10
 3   2       60       0      77     15.6      3    8
 4   1       58       0      64     16.2      6    9
 5   2       51       0      65     14.1     21    9
 6   1       51       0      61     13.5      8    8
 7   1       14       1      73     12.4     18   11
 8   1       43       0      60     13.6      7    9
 9   2       16       0      73     13.8      8    9
10   1       52       0      73     11.7      5    9
11   1       59       0      77     12.0      7   10
12   2       55       0      74     14.3      7   10
13   2       68       0      71     14.5     19    9
14   2       51       0      65     14.4     10    9
15   1        2       0      76     10.7      8    9
16   1       67       0      70     14.7      7    9
17   2       66       0      70     16.0      8    9
18   2       66       0      70     14.5     15   11
19   2       28       0      75     13.7     19   10
20   2       50       1      68     12.0     20   11
21   1       69       1      60     16.1     26    9
22   1       67       0      71     15.6      8    8
23   2       65       0      51     11.8      2    6
24   1       24       0      71     13.7     10    9
25   2       45       0      72     11.0      4    8
26   2       64       0      74     14.2      4    6
27   1       61       0      75     13.7     10   12
28   1       26       1      72     15.3     37   11
29   1       42       1      57     13.9     24   12
30   2       57       0      72     14.6      8   10
31   2       70       0      72     13.8      3    9
32   2        5       0      74     15.1      3    9
33   2       54       0      51     15.8      7    8
34   1       36       1      72     16.4      4    9
35   2       70       0      71     13.6      2   10
36   2       67       0      73     13.8      7    8
37   1       23       0      68     12.5      2    8
38   1       62       0      63     13.2      3    8
