5699.83703549951 
3580.51736373454
10809.7184409295
9560.77867263114
37335.6150628483
1593.36677752435
13479.7137692095
25417.9511020396
12838.3960096483
15860.5352094174
8324.79744199534
2252.11807829436 
1872.55377458178
120.295896194875
1259.71608795226
5045.57203501463
17830.7217164876
8629.97185888988
11425.9099786378
4984.15505226631
9833.47698280698
2634.12449043244
11766.9178634406
5942.72420275956
3525.45375004411
591.165376827121
5210.83775907755
7003.04661065499
14511.6526625099
1500.76746940613
10139.1675005261
5315.48325438052
12417.8794394703
16839.7478005829
4405.36751403957
2188.94509132951
15000.8779755774
13887.808806354
15945.6728777923
14507.1022204104
331.142995303214
20562.3461935978
2864.3058007583
