 2.15237 0.2299254 0.4035438 0.0707024 0.3179877
0.03434448 0.3158035 0.04112658 0.09366361 0.4772714
0.8790394 1.683616 0.9544183 0.3425843 0.4095006
0.344823 0.7806252 0.06576335 0.6397825 0.1430295
0.2382118 0.03962572 0.7646125 0.3534084 0.7898936
0.6262483 1.456147 1.1656 0.9079079 0.1628347
0.1790839 0.01826509 0.2863182 0.290215 0.3739793
0.58772 0.1019785 0.2754205 0.1633542 0.8111909
0.8017747 0.4125288 0.2840003 0.02941161 0.7091438
0.1252369 0.0954746 0.1186801 0.5336121 0.3755041
0.2875703 0.04533139 0.4895527 0.6831271 0.6472376
0.6362653 0.2261475 0.3356949 0.5646079 0.6571569
0.1064448 0.02799679 0.8992679 0.2483403 0.2720589
1.42015 1.833369 0.6576625 0.03131669 0.0413062
0.9915947 1.114713 0.5813117 0.1336832 0.3375304
0.0108163 0.7078998 0.08656305 0.01653223 0.01234302
0.2947479 0.2683719 0.05031655 0.08761643 0.02980439
0.751887 1.914167 1.507206 0.3953218 0.3266594
0.5849895 0.1909623 0.4889712 1.343249 0.9053515
0.08843286 0.1932246 0.1497088 0.3402524 0.3217264
