c(6.36366006121468, 12.8156773486472, 7.89225752332601, 8.11746531677516, 
6.9847953139233, 7.93443755760854, 8.14052199251862, 10.7367788103069, 
5.79903939378158, 12.8899258031954, 9.49937271214514, 8.90173389174647, 
8.07515144989264, 6.23956123258192, 9.63190877284662, 5.12103674483276, 
7.74998325747619, 7.71224192404501, 12.800423330491, 6.58287079406, 
8.29060302286682, 9.06189417202329, 10.2887760989338, 2.58087462195647, 
2.67129576809483, 7.78321504269974, 10.8545888905257, 5.80061402452241, 
8.54561793370597, 8.28604258567315, 7.12174375543339, 5.06540712841779, 
7.7724859611713, 9.13342525807404, 4.77259564439074, 9.6416585405765, 
9.08713700714895, 9.57587123109943, 7.43523809133303, 11.2484891678718, 
6.78712806599184, 7.63585209424887, 2.13823530932863, 9.40078284501004, 
8.48490939847366, 9.75137277605396, 14.0210919455074, 9.32744369822757, 
8.27272388473927, 9.83793530705325, 13.2702300819965, 6.7188804703898, 
10.1752197557436, 8.42439928709854, 9.2478300776704, 7.6406356419419, 
8.42745010574018, 14.0717441504262, 7.97160276844357, 8.16396887096368, 
7.98748945316056, 5.10394880967604, 7.96554854112454, 6.1451807168837, 
10.6056620754012, 6.97788392844526, 7.35499098395122, 8.60935219618563, 
6.86799204593209, 6.9125401464296, 8.59689710596968, 5.35537031178652, 
5.39373572946218, 9.24921423956176, 1.68834952532435, 7.37143988871196, 
0.220153900253756, 8.82624809584769, 14.6134760719503, 18.9759737820142, 
7.48403479314899, 7.96518467112949, 5.04778379630617, 6.50113923864479, 
0.0733986576627697, 8.06157079910527, 14.999218795048, 16.8323651897798, 
10.6575827685715, 11.115902708454, 6.00284999914154, 8.99166902682657, 
9.94321538841284, 15.4222530284076, 5.44207109236521, 3.59279901229012, 
8.4029927613521, 8.31153207136661, 1.83138021346446, 2.79853522868433, 
5.76155553172425, 10.8420120809666, 11.6657921446428, 8.22587447157128, 
7.30736368069363, 3.27883720461637, 5.36295611488958, 2.03016559384249, 
11.4521034123802, 8.28218660508074, 8.91692910643831, 8.53701501884133, 
7.50290108121316, 6.26182784597451, 6.27548763407422, 7.1969978051013, 
7.97989576996027, 15.107834933853, 4.95308466809119, 8.90546953297867, 
7.23877509509137, 12.1789962663616, 8.32807575925347, 5.04543048672563, 
4.98102513926096, 8.10810132032746, 7.05084626404723, 3.24550605248051, 
10.193791528187, 6.43650072868203, 5.25928247025581, 10.0062277226673, 
8.45609873503152, 5.93374605512843, 8.42281509620521, 4.80817912040712, 
2.16955431816115, 10.8119338763194, 9.10243717659332, 7.33118064278163, 
9.08864473435683, 9.0282308080736, 8.34248022702581, 7.56902602686429, 
7.23575467676858, 12.8913239088693, 8.9200804827444, 7.09911415589659, 
2.93477066679419, 3.69669166727245, 9.00058133665488, 8.49771658796485, 
6.68861946252206, 9.13647461755018, 8.70030698274356, 5.83318188807723, 
8.87431877964808, 13.6978033789255, 6.22097098642005, 6.36902908998593, 
8.21156650754815, 7.76462048776273, 7.55656622340655, 7.75668161720174, 
6.81821311872354, 7.60685823474733, 9.02217897161308, 8.6539328374343, 
11.2556438809031, 11.3449915920808, 10.0044117512063, 6.54550000977946, 
8.08845106484739, 9.58999270078881, 0.28559674202145, 10.141078260982, 
8.34569976786212, 7.15270997687722, 8.66724737530399, 7.45566262543944, 
7.15296555291695, 10.0835714629633, 14.5228801474417, 12.7758662712957, 
7.96305012087581, 12.0092297723898, 9.20065613875283, 8.29504614425744, 
7.88295704493981, 8.02590842433571, 8.27430567011114, 10.0131831847891, 
8.54609592912136, 7.82841467621347, 4.4359172524283, 5.49250578295854, 
5.19960458313498, 6.87494200137998, 8.34876303508019, 8.70473164448392, 
9.15729814266789, 5.908567021997, 6.95123989856413, 8.1103371304639, 
8.47421026733318, 7.80525545498895, 12.4439860705789, 9.09286368761648, 
5.46161371614481, 6.46080225439967, 9.32692751538096, 3.03497979684645, 
8.08339435100694, 6.9708807761228, 14.7263316863251, 8.19516684433162, 
7.43377588649795, 8.77342947508716, 6.52648047250136, 7.9361201260955, 
2.30778833904675, 6.3350981247404, 8.39532999503481, 8.52112990070334, 
8.19851616667068, 11.2665723622931, 6.81382979709844, 8.22301080671859, 
7.90197219067776, 7.16584889974574, 9.95007603571604, 12.0129499432447, 
7.95312151731682, 8.56047941326102, 8.46926933539025, 6.77864633089507, 
8.79016653609134, 9.63053026150175, 2.73933182293741, 7.59138391481021, 
7.13959854626148, 6.64466122538203, 8.57388473619006, 8.13707313050018, 
4.25544651554103, 7.50701831662189, 5.97903877728713, 7.11932248184937, 
7.10091076272188, 10.4103524961619, 8.29986893224586, 6.71261972943345, 
11.9236425328788, 11.8538513232711, 6.48413755300172, 8.0235859694009, 
3.05061474530534, 8.00587295714689, 6.3896745590361, 8.02882240176192, 
7.32747361597097, 7.15464036041955, 8.78114546791829, 6.65210427603682, 
10.7639453884273, 4.27563622694643, 12.9218926052243, 7.80626390792453, 
8.30992442638082, 8.00673537794558, 7.76878184104912, 7.40851967352549, 
-0.768891981722263, 7.97010681125663, 7.39936248103794, 9.1847143117958, 
13.7763964784829, 11.9371815926543, 3.39376694100831, 5.04002114971382, 
6.98383862520185, 6.19870400129125, 7.60975955849484, 13.3830514784007, 
6.8586557125481, 6.94934585111639, 5.9978667582424, 10.171218266111, 
7.80046874867396, 10.0201112341404, 8.38626718340536, 9.35181048434433, 
5.52687802462991, 6.53796170684343, 9.9630446402669, 6.67634134823925, 
6.54427941256703, 7.23310576892629, 11.7473073123741, 6.49741766802035, 
9.32687624001012, 15.2491421417413, 5.11734231304005, 8.12961976553235, 
8.5360182076818, 10.0949004052129, 8.50824475691565, 7.17876247473322, 
4.00295585612594, 8.46138039667224, 2.57840648921577, 9.9644168414352, 
8.37442089233721, 9.71844890654735, 5.24711826987784, 7.73836671844763, 
5.6952552313268, 9.33286765422323, 7.47393913505353, 7.1024196584786, 
11.4155685596639, 7.97052522448982, 9.39900165606488, 8.2544223490713, 
-6.00776339862675, 7.78813032209799, 8.64909979818318, 9.91032673193317, 
7.08015211962096, 5.8997796056307, 4.87431605422211, 10.2047416649735, 
11.4003031489727, 12.3744090525394, 5.57467570764925, 15.4356437999887, 
7.76030820559974, 6.85409425659106, 5.73741411460848, 6.33590099407517, 
6.23536342774046, 4.75170249363363, 11.6540187775073, 7.99349708830184, 
7.89323763902145, 8.68959973047311, 4.26955715087873, 8.11761861931113, 
2.04576632434393, 7.44358686443405, 8.30135453634145, 3.70817922942075, 
6.369465030549, 5.03681725689813, 10.7896478592457, 8.42845710900196, 
7.89269172686221, 6.5031817127183, 9.55222780117959, 6.9937786189753, 
16.2928344384282, 9.55897028223329, 9.89541626888196, 4.9954138244759, 
2.19478879020381)
