id gender  chf   ord  time  stat
 
  1      1    1     0     1     1
 
  2      1    1     1     1     1
 
  3      1    1     0     1     1
 
  4      1    1     1     1     1
 
  5      1    1     1     2     1
 
  6      0    0     0     2     1
 
  7      1    0     0     2     1
 
  8      1    0     0     3     1
 
  9      0    1     1     3     1
 
 10      1    0     0  5586     0
 
 11      0    1     1     4     1
 
 12      1    0     0     4     1
 
 13      1    1     0     4     1
 
 14      0    0     0     4     1
 
 15      1    1     1  2060     1
 
 16      0    0     0     8     1
 
 17      1    1     0     6     1
 
 18      0    0     0  5843     0
 
 19      0    0     1  5612     0
 
 20      1    0     0    10     1
 
 21      0    1     1    10     1
 
 22      1    0     0  5551     0
 
 23      0    1     0  4105     1
 
 24      0    1     0  2868     1
 
 25      0    0     1   417     1
 
 26      0    1     1   518     1
 
 27      1    0     0  3962     1
 
 28      1    1     1  2936     1
 
 29      0    0     0  2922     1
 
 30      0    0     0   218     1
 
 31      1    0     0  5714     0
 
 32      0    0     1  1932     1
 
 33      0    0     1  1867     1
 
 34      0    0     0  5833     0
 
 35      0    1     0   733     1
 
 36      0    0     1  5839     0
 
 37      1    0     0   346     1
 
 38      0    1     0  5677     0
 
 39      1    1     1  3441     1
 
 40      0    0     1  4172     1
 
 41      0    1     0   116     1
 
 42      0    1     0  5763     0
 
 43      0    0     0  3171     1
 
 44      0    0     1   871     1
 
 45      0    0     0  2142     1
 
 46      0    0     0  5675     0
 
 47      1    1     0    20     1
 
 48      0    0     1  5553     0
 
 49      0    1     1  1902     1
 
 50      0    0     0  1267     1
 
 51      0    1     1    21     1
 
 52      0    1     1   326     1
 
 53      0    1     1  1912     1
 
 54      0    0     0  2029     1
 
 55      1    0     0  5675     0
 
 56      1    0     1  4240     1
 
 57      0    1     0  5634     0
 
 58      0    0     1  5666     0
 
 59      0    0     1  3139     1
 
 60      0    1     0  5793     0
 
 61      1    1     1    53     1
 
 62      1    1     0  5769     0
 
 63      0    0     0  5788     0
 
 64      0    0     0  5558     0
 
 65      1    0     0  5514     0
 
 66      1    0     1  5807     0
 
 67      1    0     1  5690     0
 
 68      0    1     1  5739     0
 
 69      0    1     0  5724     0
 
 70      0    1     0  2564     1
 
 71      0    1     0   144     1
 
 72      0    1     0  5579     0
 
 73      1    1     1  1363     1
 
 74      1    1     0  5806     0
 
 75      1    1     1  1653     1
 
 76      1    1     0  5567     0
 
 77      1    1     0     2     1
 
 78      1    1     0     3     1
 
 79      0    1     1     3     1
 
 80      0    1     0     4     1
 
 81      0    0     0     5     1
 
 82      0    1     0     5     1
 
 83      1    1     0     6     1
 
 84      0    0     0  3361     1
 
 85      0    1     1     9     1
 
 86      0    0     0  2114     1
 
 87      0    0     0  4007     1
 
 88      0    0     1  4519     0
 
 89      1    0     1   548     1
 
 90      1    0     1  4609     0
 
 91      0    0     1  3103     1
 
 92      0    0     0  4468     0
 
 93      0    0     1    13     1
 
 94      0    0     1  4444     0
 
 95      0    0     0  4695     0
 
 96      0    0     0  4604     0
 
 97      0    0     0  2050     1
 
 98      1    0     1  4602     0
 
 99      0    0     1    98     1
 
100      1    0     1  3402     1
 
101      0    0     0  4481     0
 
102      0    0     0  1031     1
 
103      0    0     1   538     1
 
104      1    0     1    13     1
 
105      0    0     0   623     1
 
106      0    1     0   386     1
 
107      0    1     1   259     1
 
108      1    0     0  4653     0
 
109      0    0     1  4579     0
 
110      0    1     0    14     1
 
111      0    0     1    14     1
 
112      0    0     0  4608     0
 
113      0    0     0  4741     0
 
114      0    0     1  4573     0
 
115      0    0     0   618     1
 
116      0    0     0  4722     0
 
117      0    1     1   262     1
 
118      0    0     1  4583     0
 
119      0    1     0  4514     1
 
120      1    0     1  3078     1
 
121      1    1     0    16     1
 
122      1    0     0  3207     1
 
123      0    0     0   410     1
 
124      1    1     0  4477     0
 
125      1    0     0  3071     1
 
126      0    1     0  4485     0
 
127      0    0     0  4498     0
 
128      0    0     0   107     1
 
129      0    1     0   239     1
 
130      1    0     1  2187     1
 
131      0    0     0  4502     0
 
132      0    0     0  4162     1
 
133      0    0     1  4618     0
 
134      0    0     1  4527     0
 
135      0    0     1    18     1
 
136      0    0     0  1442     1
 
137      0    0     1   367     1
 
138      1    1     0  4699     0
 
139      0    0     0  4727     0
 
140      0    1     0  4486     0
 
141      1    0     0  1815     1
 
142      0    0     0  1614     1
 
143      1    0     0  4741     0
 
144      1    1     0  2335     1
 
145      1    1     1  1748     1
 
146      0    1     1  4682     0
 
147      0    1     1  4422     0
 
148      1    0     1  4703     0
 
149      0    0     1  4607     0
 
150      1    0     0  4423     0
 
151      1    1     0    49     1
 
152      1    0     0  3280     1
 
153      0    0     1    60     1
 
154      1    0     1    43     1
 
155      1    0     0  4472     0
 
156      0    1     0  4536     0
 
157      0    1     1  1696     1
 
158      0    1     0  1869     1
 
159      1    1     0   281     1
 
160      1    1     0  1654     1
 
161      0    0     1     1     1
 
162      1    0     1     2     1
 
163      0    1     0     2     1
 
164      1    0     1     2     1
 
165      1    0     0  2090     1
 
166      0    1     0     3     1
 
167      0    0     0  2121     1
 
168      1    1     0     4     1
 
169      0    0     0  3302     0
 
170      1    0     0  3304     0
 
171      1    0     0  3372     0
 
172      0    0     0  3352     0
 
173      1    0     0     8     1
 
174      1    1     1     8     1
 
175      0    0     0  3304     0
 
176      0    1     1  3623     0
 
177      0    0     1  3442     0
 
178      0    1     0  1327     1
 
179      0    1     1    10     1
 
180      0    0     1   737     1
 
181      0    0     0  3548     0
 
182      0    0     0  3480     0
 
183      0    0     0  3418     0
 
184      1    0     0  3348     0
 
185      1    1     1   152     1
 
186      0    0     0  1964     1
 
187      0    0     1   226     1
 
188      1    0     0  3559     0
 
189      0    0     1    44     1
 
190      0    1     1  1449     1
 
191      1    1     1    12     1
 
192      0    0     0  1420     1
 
193      1    1     0  2177     1
 
194      1    0     0  3375     0
 
195      0    1     1    13     1
 
196      1    0     0   471     1
 
197      1    1     0   464     1
 
198      0    0     1  3567     0
 
199      0    0     0  3487     0
 
200      1    1     0  1041     1
 
201      0    0     0  3433     0
 
202      0    0     0  3422     0
 
203      1    0     1  3375     0
 
204      1    0     0  2238     1
 
205      1    0     1  3481     0
 
206      1    0     0  3560     0
 
207      1    1     0   347     1
 
208      0    0     0  3535     0
 
209      1    1     0  2217     1
 
210      0    1     1    89     1
 
211      1    1     0   917     1
 
212      1    0     1  3552     0
 
213      1    0     0  1142     1
 
214      1    0     1  3633     0
 
215      1    1     0    15     1
 
216      1    0     0    15     1
 
217      0    1     1   101     1
 
218      0    0     0  3574     0
 
219      0    0     1  3665     0
 
220      0    0     0  2355     1
 
221      0    0     0  3639     0
 
222      0    0     0  3400     0
 
223      1    0     0  3568     0
 
224      0    0     0  2813     1
 
225      0    0     0  1261     1
 
226      0    0     0  3323     0
 
227      0    0     0   605     1
 
228      1    0     0  3420     0
 
229      1    1     0    96     1
 
230      1    0     0  3326     0
 
231      0    0     0  3620     0
 
232      1    0     0  1397     1
 
233      1    1     1    19     1
 
234      0    0     0  3622     0
 
235      0    0     0  3371     0
 
236      0    0     0   390     1
 
237      0    0     1  3514     0
 
238      1    0     0  1722     1
 
239      1    1     1   841     1
 
240      1    0     1  3486     0
 
241      1    1     0   275     1
 
242      1    1     1  1266     1
 
243      1    0     1  3394     0
 
244      1    1     1   150     1
 
245      0    0     0  3379     0
 
246      0    1     0    48     1
 
247      1    0     0  1088     1
 
248      1    1     1    27     1
 
249      0    0     0  2827     1
 
250      1    0     0  2131     1
 
251      1    1     1    81     1
 
252      1    1     0    28     1
 
253      1    1     0  2136     1
 
254      0    1     0   497     1
 
255      0    1     1   234     1
 
256      1    0     0  2014     1
 
257      0    1     1   274     1
 
258      0    1     0  3523     0
 
259      0    0     0   632     1
 
260      0    0     1  2286     0
 
261      0    1     1     2     1
 
262      0    1     0     2     1
 
263      0    1     1     2     1
 
264      1    1     1     3     1
 
265      0    1     1     3     1
 
266      0    0     1  2300     0
 
267      0    0     0  2488     0
 
268      0    0     0  2448     0
 
269      1    1     1     8     1
 
270      0    1     0     7     1
 
271      0    1     1  2207     0
 
272      0    1     1   205     1
 
273      0    0     0    78     1
 
274      0    0     1  2249     0
 
275      0    0     0  2261     0
 
276      0    0     1    70     1
 
277      0    0     0  2495     0
 
278      0    0     1   414     1
 
279      0    1     0  2504     0
 
280      1    1     1  2200     0
 
281      0    0     0  2468     0
 
282      0    1     0  1248     1
 
283      1    0     1   395     1
 
284      0    0     0  2476     0
 
285      0    0     0  2246     0
 
286      0    0     0  2346     0
 
287      0    0     0  2439     0
 
288      1    0     0  2446     0
 
289      1    0     0  2246     0
 
290      1    1     1   296     1
 
291      1    0     1   559     1
 
292      0    0     0  2267     0
 
293      1    1     0  2282     0
 
294      0    0     0  2436     0
 
295      0    1     0  2313     0
 
296      0    1     0  2531     0
 
297      0    0     1  2505     0
 
298      0    0     0    65     1
 
299      0    0     0  2273     0
 
300      1    1     1    12     1
 
301      0    0     1  2423     0
 
302      0    0     0  2492     0
 
303      0    1     1    12     1
 
304      0    0     0  2401     0
 
305      1    1     0  2440     0
 
306      1    1     1    23     1
 
307      0    1     1    61     1
 
308      0    1     0    13     1
 
309      0    1     0   418     1
 
310      0    1     0   504     1
 
311      1    1     0   306     1
 
312      0    1     0  2398     0
 
313      0    1     0  2298     0
 
314      0    1     0  2286     0
 
315      1    1     1  2295     0
 
316      1    1     1  2320     0
 
317      1    1     0   359     1
 
318      0    1     1    15     1
 
319      1    1     1  2551     0
 
320      0    1     0   932     1
 
321      1    1     0  2478     0
 
322      0    1     1   139     1
 
323      1    0     0  2284     0
 
324      0    0     0  2217     0
 
325      0    0     0  2444     0
 
326      1    0     1   151     1
 
327      0    0     1  2542     0
 
328      0    1     0    61     1
 
329      0    1     1  2437     0
 
330      1    1     1   240     1
 
331      0    1     0  2394     0
 
332      0    1     0  2404     0
 
333      1    0     0  2289     0
 
334      0    1     1    38     1
 
335      1    1     0   223     1
 
336      1    0     0     1     1
 
337      1    1     0     2     1
 
338      0    1     0     3     1
 
339      1    1     1   350     1
 
340      0    0     0  1473     0
 
341      0    0     0  1743     0
 
342      0    0     0  1550     0
 
343      1    1     0     5     1
 
344      0    0     1  1816     0
 
345      1    0     0  1722     0
 
346      0    1     1     7     1
 
347      0    0     1  1558     0
 
348      0    0     0  1767     0
 
349      1    0     0  1494     0
 
350      0    1     1     8     1
 
351      1    0     0  1490     0
 
352      1    0     1  1593     0
 
353      1    0     0  1507     0
 
354      1    0     1  1551     0
 
355      0    1     1   879     1
 
356      0    0     0  1632     0
 
357      1    0     0  1779     0
 
358      0    0     1  1526     0
 
359      0    0     0  1700     0
 
360      1    1     0  1582     1
 
361      0    1     1  1662     0
 
362      0    0     0  1594     0
 
363      0    1     1    43     1
 
364      0    0     0  1471     0
 
365      0    0     0   910     1
 
366      1    0     0  1651     0
 
367      0    0     0  1717     0
 
368      0    0     0   834     1
 
369      1    0     0    10     1
 
370      1    1     0    10     1
 
371      0    1     0   613     1
 
372      1    1     1    20     1
 
373      0    0     0  1646     0
 
374      0    0     0  1164     1
 
375      0    0     0    10     0
 
376      0    0     0    30     1
 
377      0    0     0   764     1
 
378      1    0     0  1471     0
 
379      1    1     1    11     1
 
380      0    0     1  1716     0
 
381      0    1     0  1724     0
 
382      0    0     0  1829     0
 
383      0    0     1  1480     0
 
384      1    0     0  1636     0
 
385      0    0     0  1505     0
 
386      0    0     0  1488     0
 
387      1    1     1  1688     0
 
388      0    1     0  1655     0
 
389      1    0     0  1508     0
 
390      1    1     0  1824     0
 
391      0    0     0  1579     0
 
392      0    1     0  1647     0
 
393      1    1     0  1490     0
 
394      0    0     1  1482     0
 
395      1    0     1    14     1
 
396      0    1     0  1581     0
 
397      0    1     1    23     1
 
398      1    0     1   360     1
 
399      1    0     0    22     1
 
400      1    0     0  1756     0
 
401      0    0     0  1780     0
 
402      0    1     0  1637     0
 
403      0    0     0  1554     0
 
404      1    0     0  1561     0
 
405      1    1     1  1647     0
 
406      1    1     0   268     1
 
407      1    1     1   287     1
 
408      1    1     1   409     1
 
409      1    1     1    20     1
 
410      1    1     0    87     1
 
411      0    1     0     1     1
 
412      0    0     0     1     1
 
413      1    1     1     2     1
 
414      0    0     0     2     1
 
415      1    1     1     2     1
 
416      1    0     0     2     1
 
417      0    1     1     2     1
 
418      1    1     0     3     1
 
419      0    1     0     3     1
 
420      1    1     0   939     0
 
421      0    1     1     4     1
 
422      0    0     1   908     0
 
423      1    0     0  1060     0
 
424      0    0     0   754     0
 
425      0    0     0   919     0
 
426      0    1     0   114     1
 
427      0    0     0   919     0
 
428      1    1     0   920     0
 
429      0    0     0   966     0
 
430      0    0     0   827     0
 
431      0    1     1   902     0
 
432      1    0     0   286     1
 
433      0    0     0   759     0
 
434      1    1     0     8     1
 
435      0    0     1   920     0
 
436      0    1     0   937     0
 
437      1    1     0  1062     0
 
438      1    0     0   763     0
 
439      1    0     0   770     0
 
440      0    0     1   284     1
 
441      0    0     1   920     0
 
442      1    0     0   801     0
 
443      0    0     1   791     0
 
444      0    0     1  1057     0
 
445      0    1     0     9     1
 
446      0    0     0  1026     0
 
447      0    0     0  1087     0
 
448      0    0     0   976     0
 
449      0    0     0   507     1
 
450      1    1     1   840     1