202 200
192 198
201 200
199 199
206 181
193 205
212 218
206 214
200 189
216 196
199 201
205 202
207 205
214 194
228 208
195 202
188 210
198 197
213 212
206 205
194 199
196 214
204 198
206 198
200 194
192 207
203 203
212 194
200 194
210 201
219 190
207 211
206 181
210 214
202 216
201 215
207 188
196 192
185 216
208 181
210 187
212 194
215 194
203 208
199 190
204 203
215 203
207 188
203 193
207 210
215 210
198 193
201 190
187 198
206 207
218 204
222 205
201 219
202 180
214 203
206 201
202 196
222 204
193 193
208 214
206 200
204 198
196 219
186 200
200 199
195 199
206 193
199 193
192 203
204 221
206 190
207 194
206 211
206 205
187 196
198 183
198 163
214 210
